Res	AA_Ref	Num_Ref	Prot_Ref	%Min	%Neu	%Max	CantMin	CantNeu	CantMax	ICMin	ICNeu	ICMax	ICTot 	 FrustEstado
1	L	2	2dn1-A	0.952381	0.04761905	0	20	1	0	0.9676846	0.04838423	0	1.016069	MIN
2	S	3	2dn1-A	0.0952381	0.9047619	0	2	19	0	0.07986171	0.7586862	0	0.8385479	NEU
3	P	4	2dn1-A	0	0.4761905	0.5238095	0	10	11	0	0.1399527	0.1539479	0.2939006	MAX
4	A	5	2dn1-A	0.1428571	0.7619048	0.0952381	3	16	2	0.03846103	0.2051255	0.02564069	0.2692272	NEU
5	D	6	2dn1-A	0	1	0	0	21	0	0	1.292264	0	1.292264	NEU
6	K	7	2dn1-A	0	0.04761905	0.952381	0	1	20	0	0.04838423	0.9676846	1.016069	MAX
7	T	8	2dn1-A	0.04761905	0.952381	0	1	20	0	0.04838423	0.9676846	0	1.016069	NEU
8	N	9	2dn1-A	0.04761905	0.952381	0	1	20	0	0.04838423	0.9676846	0	1.016069	NEU
9	V	10	2dn1-A	1	0	0	21	0	0	1.292264	0	0	1.292264	MIN
10	K	11	2dn1-A	0	0.1904762	0.8095238	0	4	17	0	0.1123424	0.4774553	0.5897977	MAX
11	A	12	2dn1-A	0	0.7619048	0.2380952	0	16	5	0	0.3812617	0.1191443	0.5004059	NEU
12	A	13	2dn1-A	0.7142857	0.2857143	0	15	6	0	0.3065312	0.1226125	0	0.4291437	MIN
13	W	14	2dn1-A	0.1904762	0.8095238	0	4	17	0	0.1123424	0.4774553	0	0.5897977	NEU
14	G	15	2dn1-A	0.1904762	0.8095238	0	4	17	0	0.1123424	0.4774553	0	0.5897977	NEU
15	K	16	2dn1-A	0	0.8095238	0.1904762	0	17	4	0	0.4774553	0.1123424	0.5897977	NEU
16	V	17	2dn1-A	1	0	0	21	0	0	1.292264	0	0	1.292264	MIN
17	G	18	2dn1-A	0	1	0	0	21	0	0	1.292264	0	1.292264	NEU
18	A	19	2dn1-A	0	0.7619048	0.2380952	0	16	5	0	0.3812617	0.1191443	0.5004059	NEU
19	H	20	2dn1-A	0.5238095	0.1904762	0.2857143	11	4	6	-0.08823928	-0.03208701	-0.04813052	-0.1684568	MIN
20	A	21	2dn1-A	0.1428571	0.8571429	0	3	18	0	0.1000845	0.600507	0	0.7005915	NEU
21	G	22	2dn1-A	0.04761905	0.9047619	0.04761905	1	19	1	0.03539571	0.6725184	0.03539571	0.7433098	NEU
22	E	23	2dn1-A	0.1904762	0.5714286	0.2380952	4	12	5	-0.02242109	-0.06726328	-0.02802637	-0.1177107	NEU
23	Y	24	2dn1-A	0.2380952	0.7619048	0	5	16	0	0.1191443	0.3812617	0	0.5004059	NEU
24	G	25	2dn1-A	0.0952381	0.5238095	0.3809524	2	11	8	-0.004749969	-0.02612483	-0.01899988	-0.04987467	NEU
25	A	26	2dn1-A	0.1428571	0.7619048	0.0952381	3	16	2	0.03846103	0.2051255	0.02564069	0.2692272	NEU
26	E	27	2dn1-A	0	0.1428571	0.8571429	0	3	18	0	0.1000845	0.600507	0.7005915	MAX
27	A	28	2dn1-A	0	1	0	0	21	0	0	1.292264	0	1.292264	NEU
28	L	29	2dn1-A	1	0	0	21	0	0	1.292264	0	0	1.292264	MIN
29	E	30	2dn1-A	0	0.1428571	0.8571429	0	3	18	0	0.1000845	0.600507	0.7005915	MAX
30	R	31	2dn1-A	0	0.4285714	0.5714286	0	9	12	0	0.1315869	0.1754492	0.3070361	MAX
31	M	32	2dn1-A	0.6666667	0.3333333	0	14	7	0	0.2493123	0.1246561	0	0.3739684	MIN
32	F	33	2dn1-A	1	0	0	21	0	0	1.292264	0	0	1.292264	MIN
33	L	34	2dn1-A	0.2380952	0.7142857	0.04761905	5	15	1	0.05795786	0.1738736	0.01159157	0.243423	NEU
34	S	35	2dn1-A	0	1	0	0	21	0	0	1.292264	0	1.292264	NEU
35	F	36	2dn1-A	0.1428571	0.8571429	0	3	18	0	0.1000845	0.600507	0	0.7005915	NEU
36	P	37	2dn1-A	0	0.4285714	0.5714286	0	9	12	0	0.1315869	0.1754492	0.3070361	MAX
37	T	38	2dn1-A	0	1	0	0	21	0	0	1.292264	0	1.292264	NEU
38	T	39	2dn1-A	0	1	0	0	21	0	0	1.292264	0	1.292264	NEU
39	K	40	2dn1-A	0	0	1	0	0	21	0	0	1.292264	1.292264	MAX
40	T	41	2dn1-A	0.1904762	0.8095238	0	4	17	0	0.1123424	0.4774553	0	0.5897977	NEU
41	Y	42	2dn1-A	0	0	1	0	0	21	0	0	1.292264	1.292264	MAX
42	F	43	2dn1-A	0.4761905	0.5238095	0	10	11	0	0.1399527	0.1539479	0	0.2939006	NEU
43	P	44	2dn1-A	0	1	0	0	21	0	0	1.292264	0	1.292264	NEU
44	H	45	2dn1-A	0.9047619	0.0952381	0	19	2	0	0.7586862	0.07986171	0	0.8385479	MIN
45	F	46	2dn1-A	0.6190476	0.3809524	0	13	8	0	0.2064848	0.1270676	0	0.3335524	MIN
46	D	47	2dn1-A	0.2857143	0.7142857	0	6	15	0	0.1226125	0.3065312	0	0.4291437	NEU
47	L	48	2dn1-A	1	0	0	21	0	0	1.292264	0	0	1.292264	MIN
48	S	49	2dn1-A	0.7619048	0.2380952	0	16	5	0	0.3812617	0.1191443	0	0.5004059	MIN
49	H	50	2dn1-A	0.0952381	0.2380952	0.6666667	2	5	14	0.00821539	0.02053847	0.05750773	0.08626159	MAX
50	G	51	2dn1-A	0	0.7619048	0.2380952	0	16	5	0	0.3812617	0.1191443	0.5004059	NEU
51	S	52	2dn1-A	0.04761905	0.7142857	0.2380952	1	15	5	0.01159157	0.1738736	0.05795786	0.243423	NEU
52	A	53	2dn1-A	0	0.5714286	0.4285714	0	12	9	0	0.1754492	0.1315869	0.3070361	NEU
53	Q	54	2dn1-A	0	0.1428571	0.8571429	0	3	18	0	0.1000845	0.600507	0.7005915	MAX
54	V	55	2dn1-A	0.952381	0	0.04761905	20	0	1	0.9676846	0	0.04838423	1.016069	MIN
55	K	56	2dn1-A	0.6190476	0.3809524	0	13	8	0	0.2064848	0.1270676	0	0.3335524	MIN
56	G	57	2dn1-A	0.04761905	0.9047619	0.04761905	1	19	1	0.03539571	0.6725184	0.03539571	0.7433098	NEU
57	H	58	2dn1-A	0	1	0	0	21	0	0	1.292264	0	1.292264	NEU
58	G	59	2dn1-A	0	1	0	0	21	0	0	1.292264	0	1.292264	NEU
59	K	60	2dn1-A	0.3809524	0.4285714	0.1904762	8	9	4	-0.08293498	-0.09330186	-0.04146749	-0.2177043	NEU
60	K	61	2dn1-A	0.04761905	0.7619048	0.1904762	1	16	4	0.01564373	0.2502996	0.06257491	0.3285183	NEU
61	V	62	2dn1-A	1	0	0	21	0	0	1.292264	0	0	1.292264	MIN
62	A	63	2dn1-A	0	1	0	0	21	0	0	1.292264	0	1.292264	NEU
63	D	64	2dn1-A	0.7619048	0.2380952	0	16	5	0	0.3812617	0.1191443	0	0.5004059	MIN
64	A	65	2dn1-A	0.4285714	0.5714286	0	9	12	0	0.1315869	0.1754492	0	0.3070361	NEU
65	L	66	2dn1-A	1	0	0	21	0	0	1.292264	0	0	1.292264	MIN
66	T	67	2dn1-A	0	1	0	0	21	0	0	1.292264	0	1.292264	NEU
67	N	68	2dn1-A	0.0952381	0.5714286	0.3333333	2	12	7	-0.001950483	-0.0117029	-0.00682669	-0.02048007	NEU
68	A	69	2dn1-A	0.952381	0.04761905	0	20	1	0	0.9676846	0.04838423	0	1.016069	MIN
69	V	70	2dn1-A	0.9047619	0.04761905	0.04761905	19	1	1	0.6725184	0.03539571	0.03539571	0.7433098	MIN
70	A	71	2dn1-A	0.0952381	0.9047619	0	2	19	0	0.07986171	0.7586862	0	0.8385479	NEU
71	H	72	2dn1-A	0.0952381	0.9047619	0	2	19	0	0.07986171	0.7586862	0	0.8385479	NEU
72	V	73	2dn1-A	0.952381	0.04761905	0	20	1	0	0.9676846	0.04838423	0	1.016069	MIN
73	D	74	2dn1-A	0.9	0.1	0	18	2	0	0.7378503	0.08198337	0	0.8198337	MIN
74	D	75	2dn1-A	0	1	0	0	21	0	0	1.292264	0	1.292264	NEU
75	M	76	2dn1-A	0.952381	0.04761905	0	20	1	0	0.9676846	0.04838423	0	1.016069	MIN
76	P	77	2dn1-A	0.04761905	0.7619048	0.1904762	1	16	4	0.01564373	0.2502996	0.06257491	0.3285183	NEU
77	N	78	2dn1-A	0.1428571	0.8095238	0.04761905	3	17	1	0.06218122	0.3523603	0.02072707	0.4352686	NEU
78	A	79	2dn1-A	0	1	0	0	21	0	0	1.292264	0	1.292264	NEU
79	L	80	2dn1-A	0.9047619	0.0952381	0	19	2	0	0.7586862	0.07986171	0	0.8385479	MIN
80	S	81	2dn1-A	0.3809524	0.6190476	0	8	13	0	0.1270676	0.2064848	0	0.3335524	NEU
81	A	82	2dn1-A	0.3333333	0.4285714	0.2380952	7	9	5	-0.08429629	-0.1083809	-0.06021163	-0.2528889	NEU
82	L	83	2dn1-A	0.952381	0.04761905	0	20	1	0	0.9676846	0.04838423	0	1.016069	MIN
83	S	84	2dn1-A	0.04761905	0.952381	0	1	20	0	0.04838423	0.9676846	0	1.016069	NEU
84	D	85	2dn1-A	0.6190476	0.3809524	0	13	8	0	0.2064848	0.1270676	0	0.3335524	MIN
85	L	86	2dn1-A	0.952381	0.04761905	0	20	1	0	0.9676846	0.04838423	0	1.016069	MIN
86	H	87	2dn1-A	0.2380952	0.7619048	0	5	16	0	0.1191443	0.3812617	0	0.5004059	NEU
87	A	88	2dn1-A	0	0.5714286	0.4285714	0	12	9	0	0.1754492	0.1315869	0.3070361	NEU
88	H	89	2dn1-A	0.4285714	0.2857143	0.2857143	9	6	6	-0.113311	-0.07554069	-0.07554069	-0.2643924	MIN
89	K	90	2dn1-A	0.4761905	0.4761905	0.04761905	10	10	1	0.03032757	0.03032757	0.003032757	0.0636879	MIN
90	L	91	2dn1-A	0.952381	0.04761905	0	20	1	0	0.9676846	0.04838423	0	1.016069	MIN
91	R	92	2dn1-A	0.5238095	0.4761905	0	11	10	0	0.1539479	0.1399527	0	0.2939006	MIN
92	V	93	2dn1-A	0.952381	0.04761905	0	20	1	0	0.9676846	0.04838423	0	1.016069	MIN
93	D	94	2dn1-A	0.04761905	0.952381	0	1	20	0	0.04838423	0.9676846	0	1.016069	NEU
94	P	95	2dn1-A	0	1	0	0	21	0	0	1.292264	0	1.292264	NEU
95	V	96	2dn1-A	0.7619048	0.2380952	0	16	5	0	0.3812617	0.1191443	0	0.5004059	MIN
96	N	97	2dn1-A	0.04761905	0.4285714	0.5238095	1	9	11	0.003360446	0.03024402	0.03696491	0.07056938	MAX
97	F	98	2dn1-A	0.3809524	0.6190476	0	8	13	0	0.1270676	0.2064848	0	0.3335524	NEU
98	K	99	2dn1-A	0	0.0952381	0.9047619	0	2	19	0	0.07986171	0.7586862	0.8385479	MAX
99	L	100	2dn1-A	0.9047619	0.04761905	0.04761905	19	1	1	0.6725184	0.03539571	0.03539571	0.7433098	MIN
100	L	101	2dn1-A	1	0	0	21	0	0	1.292264	0	0	1.292264	MIN
101	S	102	2dn1-A	0.04761905	0.9047619	0.04761905	1	19	1	0.03539571	0.6725184	0.03539571	0.7433098	NEU
102	H	103	2dn1-A	0	1	0	0	21	0	0	1.292264	0	1.292264	NEU
103	C	104	2dn1-A	0.7142857	0.2857143	0	15	6	0	0.3065312	0.1226125	0	0.4291437	MIN
104	L	105	2dn1-A	1	0	0	21	0	0	1.292264	0	0	1.292264	MIN
105	L	106	2dn1-A	1	0	0	21	0	0	1.292264	0	0	1.292264	MIN
106	V	107	2dn1-A	0.9047619	0.0952381	0	19	2	0	0.7586862	0.07986171	0	0.8385479	MIN
107	T	108	2dn1-A	0.04761905	0.952381	0	1	20	0	0.04838423	0.9676846	0	1.016069	NEU
108	L	109	2dn1-A	0.952381	0.04761905	0	20	1	0	0.9676846	0.04838423	0	1.016069	MIN
109	A	110	2dn1-A	0.3333333	0.5714286	0.0952381	7	12	2	-0.00682669	-0.0117029	-0.001950483	-0.02048007	NEU
110	A	111	2dn1-A	0.3333333	0.6666667	0	7	14	0	0.1246561	0.2493123	0	0.3739684	NEU
111	H	112	2dn1-A	0.6666667	0.3333333	0	14	7	0	0.2493123	0.1246561	0	0.3739684	MIN
112	L	113	2dn1-A	0.5238095	0.4761905	0	11	10	0	0.1539479	0.1399527	0	0.2939006	MIN
113	P	114	2dn1-A	0.3333333	0.6666667	0	7	14	0	0.1246561	0.2493123	0	0.3739684	NEU
114	A	115	2dn1-A	0.2380952	0.7619048	0	5	16	0	0.1191443	0.3812617	0	0.5004059	NEU
115	E	116	2dn1-A	0.2380952	0.7142857	0.04761905	5	15	1	0.05795786	0.1738736	0.01159157	0.243423	NEU
116	F	117	2dn1-A	0.952381	0.04761905	0	20	1	0	0.9676846	0.04838423	0	1.016069	MIN
117	T	118	2dn1-A	0.0952381	0.9047619	0	2	19	0	0.07986171	0.7586862	0	0.8385479	NEU
118	P	119	2dn1-A	0	0.8095238	0.1904762	0	17	4	0	0.4774553	0.1123424	0.5897977	NEU
119	A	120	2dn1-A	0	0.952381	0.04761905	0	20	1	0	0.9676846	0.04838423	1.016069	NEU
120	V	121	2dn1-A	0.9047619	0.0952381	0	19	2	0	0.7586862	0.07986171	0	0.8385479	MIN
121	H	122	2dn1-A	0.04761905	0.952381	0	1	20	0	0.04838423	0.9676846	0	1.016069	NEU
122	A	123	2dn1-A	0	0.7619048	0.2380952	0	16	5	0	0.3812617	0.1191443	0.5004059	NEU
123	S	124	2dn1-A	0	0.04761905	0.952381	0	1	20	0	0.04838423	0.9676846	1.016069	MAX
124	L	125	2dn1-A	0.952381	0	0.04761905	20	0	1	0.9676846	0	0.04838423	1.016069	MIN
125	D	126	2dn1-A	0.04761905	0.0952381	0.8571429	1	2	18	0.02711459	0.05422918	0.4880626	0.5694064	MAX
126	K	127	2dn1-A	0	0	1	0	0	21	0	0	1.292264	1.292264	MAX
127	F	128	2dn1-A	0.6666667	0.2857143	0.04761905	14	6	1	0.1178295	0.05049834	0.00841639	0.1767442	MIN
128	L	129	2dn1-A	0.7619048	0.2380952	0	16	5	0	0.3812617	0.1191443	0	0.5004059	MIN
129	A	130	2dn1-A	0.1428571	0.8571429	0	3	18	0	0.1000845	0.600507	0	0.7005915	NEU
130	S	131	2dn1-A	0.1904762	0.4285714	0.3809524	4	9	8	-0.04146749	-0.09330186	-0.08293498	-0.2177043	NEU
131	V	132	2dn1-A	0.952381	0	0.04761905	20	0	1	0.9676846	0	0.04838423	1.016069	MIN
132	S	133	2dn1-A	0.04761905	0.952381	0	1	20	0	0.04838423	0.9676846	0	1.016069	NEU
133	T	134	2dn1-A	0	1	0	0	21	0	0	1.292264	0	1.292264	NEU
134	V	135	2dn1-A	0.952381	0.04761905	0	20	1	0	0.9676846	0.04838423	0	1.016069	MIN
135	L	136	2dn1-A	1	0	0	21	0	0	1.292264	0	0	1.292264	MIN
136	T	137	2dn1-A	0.04761905	0.952381	0	1	20	0	0.04838423	0.9676846	0	1.016069	NEU
137	S	138	2dn1-A	0	1	0	0	21	0	0	1.292264	0	1.292264	NEU
138	K	139	2dn1-A	0.2380952	0.5238095	0.2380952	5	11	5	-0.04340235	-0.09548517	-0.04340235	-0.1822899	NEU
139	Y	140	2dn1-A	0.05263158	0.1052632	0.8421053	1	2	16	0.02688365	0.05376731	0.4301385	0.5107894	MAX
140	R	141	2dn1-A	0.4210526	0.4210526	0.1578947	8	8	3	-0.07845127	-0.07845127	-0.02941922	-0.1863218	MIN
